    0.6000    1.0000    1.0000
    0.4000    1.0000    1.0000
    0.2000    1.0000    1.0000
         0    1.0000    1.0000
         0    0.9000    1.0000
         0    0.8000    1.0000
         0    0.7000    1.0000
         0    0.6000    1.0000
         0    0.5000    1.0000
         0    0.4000    1.0000
         0    0.3000    1.0000
         0    0.2000    1.0000
         0    0.1000    1.0000
         0         0    1.0000
         0         0    0.9615
         0         0    0.9231
         0         0    0.8846
         0         0    0.8462
         0         0    0.8077
         0         0    0.7692
         0         0    0.7308
         0         0    0.6923
         0         0    0.6538
         0         0    0.6154
         0         0    0.5769
         0         0    0.5385
         0         0    0.5000
         0         0    0.4615
         0         0    0.4231
         0         0    0.3846
         0         0    0.3462
         0         0    0.3077
         0         0    0.2692
         0         0    0.2308
         0         0    0.1923
         0         0    0.1538
         0         0    0.1154
         0         0    0.0769
         0         0    0.0385
         0         0         0
         0         0         0
    0.0385         0         0
    0.0769         0         0
    0.1154         0         0
    0.1538         0         0
    0.1923         0         0
    0.2308         0         0
    0.2692         0         0
    0.3077         0         0
    0.3462         0         0
    0.3846         0         0
    0.4231         0         0
    0.4615         0         0
    0.5000         0         0
    0.5385         0         0
    0.5769         0         0
    0.6154         0         0
    0.6538         0         0
    0.6923         0         0
    0.7308         0         0
    0.7692         0         0
    0.8077         0         0
    0.8462         0         0
    0.8846         0         0
    0.9231         0         0
    0.9615         0         0
    1.0000         0         0
    1.0000    0.1000         0
    1.0000    0.2000         0
    1.0000    0.3000         0
    1.0000    0.4000         0
    1.0000    0.5000         0
    1.0000    0.6000         0
    1.0000    0.7000         0
    1.0000    0.8000         0
    1.0000    0.9000         0
    1.0000    1.0000         0
    1.0000    1.0000    0.2000
    1.0000    1.0000    0.4000
    1.0000    1.0000    0.6000